左上から順に

11111110000000011011011101001000
11111110000000011010011101011000
11111110000000011000011101111000
11111110000000010111111110000000
11111110000000011011111101000000
11111110000000010011111111000000
11111110000000011101111100100000
11111110000000010101111110100000
11111110000000011001111101100000
11111110000000010001111111100000
11111110000000011110111100010000
11111110000000010110111110010000
11111110000000011010111101010000
11111110000000010010011111011000
11111110000000010000011111111000
11111110000000011100111100110000
11111110000000010100111110110000
11111110000000011000111101110000

8bit区切り
11111110 00000001 10110111 01001000
11111110 00000001 10100111 01011000
11111110 00000001 10000111 01111000
11111110 00000001 01111111 10000000
11111110 00000001 10111111 01000000
11111110 00000001 00111111 11000000
11111110 00000001 11011111 00100000
11111110 00000001 01011111 10100000
11111110 00000001 10011111 01100000
11111110 00000001 00011111 11100000
11111110 00000001 11101111 00010000
11111110 00000001 01101111 10010000
11111110 00000001 10101111 01010000
11111110 00000001 00100111 11011000
11111110 00000001 00000111 11111000
11111110 00000001 11001111 00110000
11111110 00000001 01001111 10110000
11111110 00000001 10001111 01110000

16進数
FE 01 B7 48
FE 01 A7 58
FE 01 87 78
FE 01 7F 80
FE 01 BF 40
FE 01 3F C0
FE 01 DF 90
FE 01 5F A0
FE 01 9F 60
FE 01 1F E0
FE 01 EF 10
FE 01 6F 90
FE 01 AF 50
FE 01 27 D8
FE 01 07 F8
FE 01 CF 30
FE 01 4F B0
FE 01 8F 70

後ろ2つの和を取ると、FFになる(互いに1の補数の関係)